7000010424356198
7000010424382395
7000010424385170
7000010424374244
7000010424400292
7000010424390635
7000010424360267
7000010424388392
7000010424374217
7000010424364885
7000010424403524
7000010424363473
7000010424385541
7000010424377940
7000010424399775
7000010424390622
7000010424382414
7000010424385138
7000010424370627
7000010424374212
7000010424403561
7000010424404436
7000010424402692
7000010424364889
7000010424360019
7000010424356176
7000010424364900
7000010424378820
7000010424370662
7000010424374203
7000010424405822
7000010424356141
7000010424388371
7000010424377399
7000010424363682
7000010424377405
7000010424385531
7000010424356181
7000010424374221
7000010424360480
