7000006584201290
7000006584190215
7000006584186158
7000006584197339
7000006584201401
7000006584206015
7000006584199193
7000006584222286
7000006584203183
7000006584184052
7000006584203416
7000006584208827
7000006584181786
7000006584198308
7000006584181633
7000006584183652
7000006584223550
7000006584182901
7000006584190186
7000006584204647
7000006584195575
7000006584212063
7000006584205496
7000006584186706
7000006584178156
7000006584199841
7000006584192025
7000006584176274
7000006584210760
7000006584186724
7000006584175637
7000006584176760
7000006584189235
7000006584227138
7000006584200701
7000006584181719
7000006584200994
7000006584176934
7000006584221612
